[gd_scene load_steps=2 format=3 uid="uid://bsib3wvju1ij5"]

[ext_resource type="PackedScene" uid="uid://cg6mw3ahdc5bk" path="res://resources/char/Barbarian/Barbarian.glb" id="1_6gmbx"]

[node name="Barbarian" instance=ExtResource("1_6gmbx")]

[node name="Skeleton3D" parent="Rig" index="0"]
bones/0/position = Vector3(0, 0.05, 0)
bones/1/position = Vector3(0, 0.437159, 0)
bones/1/rotation = Quaternion(0.0958458, -1.1866e-07, 1.14257e-08, 0.995396)
bones/2/rotation = Quaternion(0.112235, 0.130124, -0.010241, 0.985072)
bones/3/rotation = Quaternion(0.0421331, 0.00215415, 0.0110821, 0.999048)
bones/4/position = Vector3(0.212007, 0.124592, -0.0490813)
bones/4/rotation = Quaternion(-0.732164, -0.21321, -0.576029, 0.294394)
bones/5/rotation = Quaternion(4.28974e-08, -3.65698e-08, -0.58286, 0.812573)
bones/7/rotation = Quaternion(-0.134386, -0.307136, -0.198432, 0.920995)
bones/8/rotation = Quaternion(-0.0545054, 0.0545054, -0.539162, 0.838667)
bones/11/position = Vector3(-0.186377, 0.11176, -0.0421581)
bones/11/rotation = Quaternion(-0.865306, 0.0859012, 0.317605, 0.378145)
bones/12/rotation = Quaternion(3.23054e-09, 4.50596e-08, 0.490639, 0.871363)
bones/14/rotation = Quaternion(-0.242865, 0.322953, 0.327572, 0.854058)
bones/15/rotation = Quaternion(-0.0545054, -0.0545054, 0.539162, 0.838667)
bones/19/rotation = Quaternion(-0.129495, -0.125238, 0.00765988, 0.98361)
bones/22/position = Vector3(0.170945, 0.113587, 0.1)
bones/22/rotation = Quaternion(0.919082, -1.63974e-08, 1.25448e-08, 0.394066)
bones/23/rotation = Quaternion(0.00196909, 6.90433e-08, -1.36751e-09, 0.999998)
bones/24/rotation = Quaternion(-0.496496, 5.71682e-09, -1.18343e-07, 0.868039)
bones/25/rotation = Quaternion(-3.04791e-08, 0.920355, -0.391084, 6.94848e-08)
bones/26/position = Vector3(-0.170945, 0.113587, -0.1)
bones/26/rotation = Quaternion(0.999888, 2.84918e-07, 2.34634e-08, 0.014978)
bones/27/rotation = Quaternion(0.624532, -5.39229e-08, 4.33717e-07, 0.781)
bones/28/rotation = Quaternion(-0.151757, 1.70183e-07, -2.38519e-07, 0.988418)
bones/29/rotation = Quaternion(-3.04791e-08, -0.920355, 0.391084, 6.94848e-08)
bones/31/position = Vector3(0.170945, 0.350856, 0.598769)
bones/31/rotation = Quaternion(-0.94525, -2.97621e-08, -9.707e-08, 0.326347)
bones/32/rotation = Quaternion(7.54953e-15, -1.38321e-22, 1, 4.44089e-16)
bones/33/rotation = Quaternion(-1.04035e-07, 0.391084, 0.920355, -2.9526e-08)
bones/35/rotation = Quaternion(1, -1.33227e-15, 1.94707e-07, 0)
bones/38/position = Vector3(-0.170945, 0.138444, -0.475788)
bones/38/rotation = Quaternion(0.200462, -1.03035e-07, 2.53118e-08, 0.979702)
bones/39/rotation = Quaternion(7.10544e-15, -1.38321e-22, 1, -2.33983e-34)
bones/40/rotation = Quaternion(-1.04035e-07, 0.391084, 0.920355, -2.95261e-08)
bones/42/rotation = Quaternion(-1, -4.44087e-16, -1.94707e-07, 6.01853e-36)
bones/44/position = Vector3(0.453508, 0.906761, -0.688859)
bones/45/position = Vector3(0.513182, 0.839757, 0.11844)
bones/45/rotation = Quaternion(0.669631, 0.442474, 0.551559, 0.227145)
bones/46/position = Vector3(-0.453507, 0.906761, -0.68886)
bones/47/position = Vector3(-0.513182, 0.839757, 0.11844)
bones/47/rotation = Quaternion(-0.669631, 0.442474, 0.551558, -0.227145)

[node name="1H_Axe_Offhand" parent="Rig/Skeleton3D" index="0"]
transform = Transform3D(-0.342018, 2.34589e-06, 0.939692, 0.801861, 0.521383, 0.291851, -0.489939, 0.853322, -0.178325, 0.540023, 0.802351, 0.272286)
visible = false
bone_idx = 9

[node name="Barbarian_Round_Shield" parent="Rig/Skeleton3D" index="1"]
transform = Transform3D(-0.342019, 3.01376e-06, 0.939692, 0.801862, 0.521381, 0.291852, -0.489937, 0.853323, -0.178325, 0.686508, 0.839349, 0.230581)
bone_idx = 10

[node name="1H_Axe" parent="Rig/Skeleton3D" index="2"]
transform = Transform3D(0.342018, -2.74174e-07, 0.939692, 0.801861, 0.521382, -0.291852, -0.489939, 0.853323, 0.178323, -0.552347, 0.80652, 0.249324)
visible = false
bone_idx = 16

[node name="2H_Axe" parent="Rig/Skeleton3D" index="3"]
transform = Transform3D(0.342018, -2.74174e-07, 0.939692, 0.801861, 0.521382, -0.291852, -0.489939, 0.853323, 0.178323, -0.552347, 0.80652, 0.249324)
bone_idx = 17

[node name="Mug" parent="Rig/Skeleton3D" index="4"]
transform = Transform3D(0.342018, -2.74174e-07, 0.939692, 0.801861, 0.521382, -0.291852, -0.489939, 0.853323, 0.178323, -0.655146, 0.539988, 0.354816)
visible = false
bone_idx = 18

[node name="Barbarian_Hat" parent="Rig/Skeleton3D" index="5"]
transform = Transform3D(0.999948, -0.000710919, 0.0101675, 0.00314955, 0.970295, -0.241906, -0.0096935, 0.241925, 0.970247, 0.0318116, 1.22957, 0.309248)
bone_idx = 20

[node name="Barbarian_Cape" parent="Rig/Skeleton3D" index="6"]
transform = Transform3D(0.965926, 0.0493852, 0.254064, 0.0799796, 0.876628, -0.474474, -0.246152, 0.478627, 0.842808, 0.0305296, 1.23196, 0.303201)
bone_idx = 21

[node name="AnimationPlayer" parent="." index="1"]
unique_name_in_owner = true
