[gd_scene load_steps=2 format=3 uid="uid://bsib3wvju1ij5"]

[ext_resource type="PackedScene" uid="uid://cg6mw3ahdc5bk" path="res://resources/char/Barbarian/Barbarian.glb" id="1_6gmbx"]

[node name="Barbarian" instance=ExtResource("1_6gmbx")]

[node name="Skeleton3D" parent="Rig" index="0"]
bones/1/position = Vector3(0, 0.369423, 0)
bones/1/rotation = Quaternion(-1.11123e-10, 0.0431578, 2.57241e-09, 0.999068)
bones/4/rotation = Quaternion(-0.55039, -0.0581062, -0.644541, 0.527504)
bones/5/rotation = Quaternion(2.23672e-08, -6.0043e-08, -0.504067, 0.863665)
bones/7/rotation = Quaternion(-0.319382, -0.337229, 0.144514, 0.87372)
bones/8/rotation = Quaternion(0.00139658, 0.00139657, -0.701961, 0.712213)
bones/11/rotation = Quaternion(-0.609393, 0.0785685, 0.619291, 0.48882)
bones/12/rotation = Quaternion(2.96317e-08, 5.72776e-08, 0.526903, 0.849925)
bones/14/rotation = Quaternion(-0.318442, 0.312729, -0.22659, 0.865708)
bones/15/rotation = Quaternion(0.00422016, 0.00497073, 0.702704, 0.711452)
bones/19/rotation = Quaternion(-5.80608e-11, -0.0313417, -1.88012e-09, 0.999509)
bones/22/rotation = Quaternion(0.98961, 0.0837197, 0.0787151, 0.0864131)
bones/23/rotation = Quaternion(0.393319, 6.17438e-08, -2.65129e-07, 0.919402)
bones/24/rotation = Quaternion(-0.620614, -0.200932, 0.0764334, 0.754071)
bones/26/rotation = Quaternion(0.991472, -0.0333382, 0.0298163, 0.122403)
bones/27/rotation = Quaternion(0.437613, -5.79091e-08, 3.04596e-07, 0.899163)
bones/28/rotation = Quaternion(-0.646675, 0.1125, -0.0232192, 0.754066)
bones/31/position = Vector3(0.202182, 0.0259903, 0.205181)
bones/32/rotation = Quaternion(9.65792e-09, 1.77955e-09, 0.985719, -0.168398)
bones/33/rotation = Quaternion(-1.04035e-07, 0.391084, 0.920355, -2.9526e-08)
bones/39/rotation = Quaternion(-5.83589e-09, 6.43837e-10, 0.994809, 0.101756)
bones/40/rotation = Quaternion(-1.04035e-07, 0.391084, 0.920355, -2.95261e-08)
bones/45/position = Vector3(0.520841, 0.769572, -0.0576374)
bones/45/rotation = Quaternion(0.794627, -9.80973e-08, 0.607098, -8.14761e-08)
bones/47/position = Vector3(-0.510844, 0.769572, 0.0597369)
bones/47/rotation = Quaternion(-0.758253, -2.06327e-07, 0.651961, -2.6433e-08)

[node name="1H_Axe_Offhand" parent="Rig/Skeleton3D" index="0"]
transform = Transform3D(3.04636e-07, 0.262866, 0.964832, 0.999886, -0.0144959, 0.00394936, 0.0150245, 0.964723, -0.262836, 0.516025, 0.617252, 0.0140041)
visible = false
bone_idx = 9

[node name="Barbarian_Round_Shield" parent="Rig/Skeleton3D" index="1"]
transform = Transform3D(9.3152e-08, 0.262865, 0.964832, 0.999886, -0.0144984, 0.00395026, 0.0150272, 0.964723, -0.262836, 0.662144, 0.618104, -0.0426905)
bone_idx = 10

[node name="1H_Axe" parent="Rig/Skeleton3D" index="2"]
transform = Transform3D(-0.0029823, -0.162716, 0.986668, 0.999922, -0.0123751, 0.000981138, 0.0120508, 0.986595, 0.162741, -0.495871, 0.621734, 0.139864)
visible = false
bone_idx = 16

[node name="2H_Axe" parent="Rig/Skeleton3D" index="3"]
transform = Transform3D(-0.0029823, -0.162716, 0.986668, 0.999922, -0.0123751, 0.000981138, 0.0120508, 0.986595, 0.162741, -0.495871, 0.621734, 0.139864)
bone_idx = 17

[node name="Mug" parent="Rig/Skeleton3D" index="4"]
transform = Transform3D(-0.0029823, -0.162716, 0.986668, 0.999922, -0.0123751, 0.000981138, 0.0120508, 0.986595, 0.162741, -0.48701, 0.321797, 0.0879524)
visible = false
bone_idx = 18

[node name="Barbarian_Hat" parent="Rig/Skeleton3D" index="5"]
transform = Transform3D(0.99972, -1.40143e-09, 0.0236466, 1.39341e-09, 1, 3.55686e-10, -0.0236466, -3.22637e-10, 0.99972, -7.55726e-09, 1.17963, -1.39052e-07)
bone_idx = 20

[node name="Barbarian_Cape" parent="Rig/Skeleton3D" index="6"]
transform = Transform3D(0.996275, -5.14962e-09, 0.0862353, 5.13043e-09, 1, 4.44077e-10, -0.0862353, 1.8939e-15, 0.996275, -1.91641e-06, 1.17963, 2.59003e-08)
bone_idx = 21
