[gd_scene load_steps=2 format=3 uid="uid://q2b58cli3o3"]

[ext_resource type="PackedScene" uid="uid://dq71i22d1xbnt" path="res://resources/char/Knight/Knight.glb" id="1_ucnu4"]

[node name="Knight" instance=ExtResource("1_ucnu4")]

[node name="Skeleton3D" parent="Rig" index="0"]
bones/1/position = Vector3(0, 0.389665, 0)
bones/1/rotation = Quaternion(-1.11123e-10, 0.0431578, 2.57241e-09, 0.999068)
bones/4/rotation = Quaternion(-0.559128, -0.0602554, -0.642833, 0.520107)
bones/5/rotation = Quaternion(2.22508e-08, -4.45329e-08, -0.497969, 0.867195)
bones/7/rotation = Quaternion(-0.321244, -0.326845, 0.146644, 0.876624)
bones/8/rotation = Quaternion(0.0001281, 0.000128094, -0.706637, 0.707577)
bones/14/rotation = Quaternion(-0.617464, 0.0801868, 0.617103, 0.481136)
bones/15/rotation = Quaternion(3.58816e-08, 5.52336e-08, 0.521033, 0.853537)
bones/17/rotation = Quaternion(-0.319567, 0.302196, -0.228328, 0.868574)
bones/18/rotation = Quaternion(0.000359774, 0.000423758, 0.706734, 0.707479)
bones/21/rotation = Quaternion(-5.80608e-11, -0.0313417, -1.88012e-09, 0.999509)
bones/24/rotation = Quaternion(0.993482, 0.0834289, 0.0743433, 0.0224951)
bones/25/rotation = Quaternion(0.225672, 6.6553e-08, -1.54235e-07, 0.974203)
bones/26/rotation = Quaternion(-0.533193, -0.208586, 0.0482305, 0.818456)
bones/28/rotation = Quaternion(0.996766, -0.0299213, 0.0313057, 0.0676947)
bones/29/rotation = Quaternion(0.296245, -6.39249e-08, 2.07461e-07, 0.955112)
bones/30/rotation = Quaternion(-0.57086, 0.114361, -0.0104804, 0.812976)
bones/31/rotation = Quaternion(3.04791e-08, 0.920355, -0.391084, -6.94849e-08)
bones/32/rotation = Quaternion(0.707107, -2.29302e-07, -4.60552e-08, 0.707107)
bones/33/position = Vector3(0.202182, 0.0259903, 0.205181)
bones/33/rotation = Quaternion(-0.707107, -7.05285e-08, -7.05285e-08, 0.707107)
bones/34/rotation = Quaternion(9.65792e-09, 1.77955e-09, 0.985719, -0.168398)
bones/35/rotation = Quaternion(-1.04035e-07, 0.391084, 0.920355, -2.9526e-08)
bones/37/rotation = Quaternion(1, -3.10863e-15, 1.94707e-07, -6.91739e-22)
bones/39/rotation = Quaternion(0.707107, -3.82385e-08, 1.45009e-07, 0.707107)
bones/40/rotation = Quaternion(-0.707107, -7.05285e-08, -7.05285e-08, 0.707107)
bones/41/rotation = Quaternion(-5.83589e-09, 6.43837e-10, 0.994809, 0.101756)
bones/42/rotation = Quaternion(-1.04035e-07, 0.391084, 0.920355, -2.95261e-08)
bones/47/position = Vector3(0.520841, 0.786997, -0.0576373)
bones/47/rotation = Quaternion(0.794627, -1.11759e-07, 0.607098, -5.96046e-08)
bones/49/position = Vector3(-0.510844, 0.786997, 0.0597369)
bones/49/rotation = Quaternion(-0.758253, -1.52737e-07, 0.651961, -1.11759e-08)

[node name="1H_Sword_Offhand" parent="Rig/Skeleton3D" index="0"]
transform = Transform3D(2.72448e-07, 0.262863, 0.964832, 0.999998, -0.00132969, 0.000362401, 0.00137827, 0.964832, -0.262863, 0.512201, 0.635675, -0.00190717)
bone_idx = 9

[node name="Badge_Shield" parent="Rig/Skeleton3D" index="1"]
transform = Transform3D(2.94864e-07, 0.262863, 0.964832, 0.999998, -0.00133222, 0.000363068, 0.00138089, 0.964832, -0.262863, 0.662604, 0.635732, -0.0428837)
bone_idx = 10

[node name="Rectangle_Shield" parent="Rig/Skeleton3D" index="2"]
transform = Transform3D(2.94864e-07, 0.262863, 0.964832, 0.999998, -0.00133222, 0.000363068, 0.00138089, 0.964832, -0.262863, 0.662604, 0.635732, -0.0428837)
bone_idx = 11

[node name="Round_Shield" parent="Rig/Skeleton3D" index="3"]
transform = Transform3D(2.94864e-07, 0.262863, 0.964832, 0.999998, -0.00133222, 0.000363068, 0.00138089, 0.964832, -0.262863, 0.662604, 0.635732, -0.0428837)
bone_idx = 12

[node name="Spike_Shield" parent="Rig/Skeleton3D" index="4"]
transform = Transform3D(2.94864e-07, 0.262863, 0.964832, 0.999998, -0.00133222, 0.000363068, 0.00138089, 0.964832, -0.262863, 0.662604, 0.635732, -0.0428837)
bone_idx = 13

[node name="1H_Sword" parent="Rig/Skeleton3D" index="5"]
transform = Transform3D(-0.000248196, -0.15099, 0.988535, 0.999998, -0.00105482, 8.96092e-05, 0.00102945, 0.988534, 0.15099, -0.496014, 0.64002, 0.139723)
bone_idx = 19

[node name="2H_Sword" parent="Rig/Skeleton3D" index="6"]
transform = Transform3D(-0.000248212, -0.15099, 0.988535, 0.999998, -0.00105483, 8.96229e-05, 0.00102946, 0.988534, 0.15099, -0.496014, 0.64002, 0.139723)
bone_idx = 20

[node name="Knight_Helmet" parent="Rig/Skeleton3D" index="7"]
transform = Transform3D(0.99972, -1.40143e-09, 0.0236466, 1.39341e-09, 1, 3.55686e-10, -0.0236466, -3.22637e-10, 0.99972, 4.69869e-07, 1.19989, -1.19779e-07)
bone_idx = 22

[node name="Knight_Cape" parent="Rig/Skeleton3D" index="8"]
transform = Transform3D(0.996275, -5.14962e-09, 0.0862353, 5.13043e-09, 1, 4.44077e-10, -0.0862353, 1.8939e-15, 0.996275, -1.63023e-08, 1.19989, -1.40136e-07)
bone_idx = 23
