[gd_scene load_steps=2 format=3 uid="uid://q2b58cli3o3"]

[ext_resource type="PackedScene" uid="uid://dq71i22d1xbnt" path="res://resources/char/Knight/Knight.glb" id="1_ucnu4"]

[node name="Knight" instance=ExtResource("1_ucnu4")]

[node name="Skeleton3D" parent="Rig" index="0"]
bones/1/position = Vector3(0, 0.392064, 0)
bones/4/rotation = Quaternion(-0.587952, -0.108446, -0.645398, 0.475408)
bones/5/rotation = Quaternion(1.17522e-08, -4.73552e-08, -0.497385, 0.86753)
bones/7/rotation = Quaternion(-0.316677, -0.347579, 0.228998, 0.852329)
bones/14/rotation = Quaternion(-0.580281, 0.158285, 0.666053, 0.441127)
bones/15/rotation = Quaternion(8.19857e-09, 4.56512e-08, 0.424971, 0.905207)
bones/17/rotation = Quaternion(-0.350236, 0.291473, -0.196762, 0.868138)
bones/24/rotation = Quaternion(0.995891, -1.28408e-07, -1.6118e-08, 0.0905607)
bones/25/rotation = Quaternion(0.29132, 6.60488e-08, -2.02312e-07, 0.956626)
bones/26/rotation = Quaternion(-0.554911, -3.32515e-08, 7.40746e-09, 0.83191)
bones/28/rotation = Quaternion(0.995891, 1.34625e-07, -2.73067e-08, 0.0905607)
bones/29/rotation = Quaternion(0.29132, -6.60488e-08, 2.02312e-07, 0.956626)
bones/30/rotation = Quaternion(-0.554911, 1.98049e-07, -7.89184e-08, 0.83191)
bones/34/rotation = Quaternion(7.10544e-15, -1.38321e-22, 1, -2.33983e-34)
bones/35/rotation = Quaternion(-1.04035e-07, 0.391084, 0.920355, -2.9526e-08)
bones/37/rotation = Quaternion(-1, 3.10863e-15, -1.94707e-07, 3.45869e-22)
bones/41/rotation = Quaternion(7.10544e-15, -1.38321e-22, 1, -2.33983e-34)
bones/42/rotation = Quaternion(-1.04035e-07, 0.391084, 0.920355, -2.95261e-08)
bones/47/position = Vector3(0.520841, 0.788312, 0.0370294)
bones/47/rotation = Quaternion(0.794627, -9.80973e-08, 0.607098, -8.14761e-08)
bones/49/position = Vector3(-0.539244, 0.783579, 0.0597369)
bones/49/rotation = Quaternion(-0.758253, -2.06327e-07, 0.651961, -2.6433e-08)

[node name="1H_Sword_Offhand" parent="Rig/Skeleton3D" index="0"]
transform = Transform3D(3.52814e-07, 0.262863, 0.964832, 0.999999, -2.65413e-07, 9.13915e-08, 6.21655e-07, 0.964832, -0.262863, 0.508806, 0.640899, 0.10466)
bone_idx = 9

[node name="Badge_Shield" parent="Rig/Skeleton3D" index="1"]
transform = Transform3D(3.7523e-07, 0.262863, 0.964832, 0.999999, -2.80059e-06, 7.58853e-07, 3.24313e-06, 0.964832, -0.262863, 0.659209, 0.640899, 0.0636838)
bone_idx = 10

[node name="Rectangle_Shield" parent="Rig/Skeleton3D" index="2"]
transform = Transform3D(3.7523e-07, 0.262863, 0.964832, 0.999999, -2.80059e-06, 7.58853e-07, 3.24313e-06, 0.964832, -0.262863, 0.659209, 0.640899, 0.0636838)
bone_idx = 11

[node name="Round_Shield" parent="Rig/Skeleton3D" index="3"]
transform = Transform3D(3.7523e-07, 0.262863, 0.964832, 0.999999, -2.80059e-06, 7.58853e-07, 3.24313e-06, 0.964832, -0.262863, 0.659209, 0.640899, 0.0636838)
bone_idx = 12

[node name="Spike_Shield" parent="Rig/Skeleton3D" index="4"]
transform = Transform3D(3.7523e-07, 0.262863, 0.964832, 0.999999, -2.80059e-06, 7.58853e-07, 3.24313e-06, 0.964832, -0.262863, 0.659209, 0.640899, 0.0636838)
bone_idx = 13

[node name="1H_Sword" parent="Rig/Skeleton3D" index="5"]
transform = Transform3D(-2.90136e-07, -0.149894, 0.988702, 0.999999, -4.74029e-07, -2.98022e-08, 8.15104e-07, 0.988702, 0.149894, -0.529447, 0.637449, 0.13567)
bone_idx = 19

[node name="2H_Sword" parent="Rig/Skeleton3D" index="6"]
transform = Transform3D(-3.05876e-07, -0.149894, 0.988702, 0.999999, -4.88763e-07, -1.61163e-08, 8.2762e-07, 0.988702, 0.149894, -0.529447, 0.637449, 0.13567)
bone_idx = 20

[node name="Knight_Helmet" parent="Rig/Skeleton3D" index="7"]
transform = Transform3D(1, -2.20965e-22, 1.69407e-21, 2.20965e-22, 1, 0, -1.69407e-21, 3.58732e-43, 1, 4.76837e-07, 1.20229, -1.08542e-07)
bone_idx = 22

[node name="Knight_Cape" parent="Rig/Skeleton3D" index="8"]
transform = Transform3D(1, 1.25214e-21, 0, -1.25214e-21, 1, 7.17465e-43, 0, 0, 1, 0, 1.20229, -1.4066e-07)
bone_idx = 23
