[gd_scene load_steps=2 format=3 uid="uid://q2b58cli3o3"]

[ext_resource type="PackedScene" uid="uid://dq71i22d1xbnt" path="res://resources/char/Knight/Knight.glb" id="1_ucnu4"]

[node name="Knight" instance=ExtResource("1_ucnu4")]

[node name="Skeleton3D" parent="Rig" index="0"]
bones/1/position = Vector3(0, 0.505664, 0)
bones/4/rotation = Quaternion(-0.66496, -0.342638, -0.371776, 0.549736)
bones/5/rotation = Quaternion(1.73128e-08, -4.91943e-08, -0.565066, 0.825046)
bones/7/rotation = Quaternion(-0.0903297, 0.0475687, 0.490328, 0.865538)
bones/8/rotation = Quaternion(1.60975e-09, 1.60975e-09, -0.707107, 0.707107)
bones/14/rotation = Quaternion(-0.648873, 0.371761, 0.396845, 0.532232)
bones/15/rotation = Quaternion(1.89229e-08, 5.5888e-08, 0.503737, 0.863857)
bones/17/rotation = Quaternion(-0.019009, -0.0926946, -0.456722, 0.884563)
bones/18/rotation = Quaternion(1.60973e-09, -1.60973e-09, 0.707107, 0.707107)
bones/24/rotation = Quaternion(0.950662, 0.0237117, 0.0259239, 0.308232)
bones/25/rotation = Quaternion(0.608791, 5.14425e-08, -4.22413e-07, 0.79333)
bones/26/rotation = Quaternion(-0.363618, -0.0475206, 0.0176469, 0.930168)
bones/28/rotation = Quaternion(0.900569, -0.0288551, -0.0415207, 0.431763)
bones/29/rotation = Quaternion(0.81427, -4.17152e-08, 5.67587e-07, 0.580487)
bones/30/rotation = Quaternion(-0.593811, 0.0506598, -0.0444155, 0.801779)
bones/31/rotation = Quaternion(3.04791e-08, 0.920355, -0.391084, -6.94849e-08)
bones/32/rotation = Quaternion(0.707107, -2.29302e-07, -4.60552e-08, 0.707107)
bones/33/position = Vector3(0.210945, 0.0588607, 0.163613)
bones/33/rotation = Quaternion(-0.420781, 0.0183716, 0.0395617, 0.906113)
bones/34/rotation = Quaternion(7.10544e-15, -1.49012e-08, 1, 1.05879e-22)
bones/35/rotation = Quaternion(-1.04035e-07, 0.391084, 0.920355, -2.9526e-08)
bones/37/rotation = Quaternion(1, -1.69494e-15, 1.94009e-07, 1.86265e-09)
bones/39/rotation = Quaternion(0.707107, -3.82385e-08, 1.45009e-07, 0.707107)
bones/40/position = Vector3(-0.210945, 0.16799, 0.225909)
bones/40/rotation = Quaternion(-0.511457, -0.0223308, -0.0374699, 0.858201)
bones/41/rotation = Quaternion(7.10544e-15, -1.38321e-22, 1, -2.33983e-34)
bones/42/rotation = Quaternion(-1.04035e-07, 0.391084, 0.920355, -2.95261e-08)
bones/47/position = Vector3(0.620841, 1.16414, 0.0512295)
bones/47/rotation = Quaternion(0.634877, 0.311373, 0.477453, -0.521551)
bones/49/position = Vector3(-0.639244, 1.16225, 0.0597369)
bones/49/rotation = Quaternion(-0.58593, 0.348826, 0.456309, 0.571654)

[node name="1H_Sword_Offhand" parent="Rig/Skeleton3D" index="0"]
transform = Transform3D(-0.893399, 0.350171, 0.281455, 0.262062, -0.102667, 0.959574, 0.364911, 0.931041, -4.37793e-05, 0.755617, 1.08031, 0.0762042)
bone_idx = 9

[node name="Badge_Shield" parent="Rig/Skeleton3D" index="1"]
transform = Transform3D(-0.893398, 0.350173, 0.281455, 0.262061, -0.102668, 0.959574, 0.364914, 0.931041, -4.33434e-05, 0.799492, 1.22989, 0.0761974)
bone_idx = 10

[node name="Rectangle_Shield" parent="Rig/Skeleton3D" index="2"]
transform = Transform3D(-0.893398, 0.350173, 0.281455, 0.262061, -0.102668, 0.959574, 0.364914, 0.931041, -4.33434e-05, 0.799492, 1.22989, 0.0761974)
bone_idx = 11

[node name="Round_Shield" parent="Rig/Skeleton3D" index="3"]
transform = Transform3D(-0.893398, 0.350173, 0.281455, 0.262061, -0.102668, 0.959574, 0.364914, 0.931041, -4.33434e-05, 0.799492, 1.22989, 0.0761974)
bone_idx = 12

[node name="Spike_Shield" parent="Rig/Skeleton3D" index="4"]
transform = Transform3D(-0.893398, 0.350173, 0.281455, 0.262061, -0.102668, 0.959574, 0.364914, 0.931041, -4.33434e-05, 0.799492, 1.22989, 0.0761974)
bone_idx = 13

[node name="1H_Sword" parent="Rig/Skeleton3D" index="5"]
transform = Transform3D(0.930477, -0.340203, 0.135915, 0.103064, -0.112926, -0.988243, 0.351552, 0.933546, -0.0700125, -0.793598, 1.08925, 0.0939678)
bone_idx = 19

[node name="2H_Sword" parent="Rig/Skeleton3D" index="6"]
transform = Transform3D(0.930477, -0.340203, 0.135915, 0.103064, -0.112926, -0.988243, 0.351552, 0.933546, -0.0700125, -0.793598, 1.08925, 0.0939678)
bone_idx = 20

[node name="Knight_Helmet" parent="Rig/Skeleton3D" index="7"]
transform = Transform3D(1, -2.20965e-22, 1.69407e-21, 2.20965e-22, 1, 0, -1.69407e-21, 3.58732e-43, 1, 4.76837e-07, 1.31589, -1.08542e-07)
bone_idx = 22

[node name="Knight_Cape" parent="Rig/Skeleton3D" index="8"]
transform = Transform3D(1, 1.25214e-21, 0, -1.25214e-21, 1, 7.17465e-43, 0, 0, 1, 0, 1.31589, -1.4066e-07)
bone_idx = 23
