[gd_scene load_steps=2 format=3 uid="uid://wft1lwu8g2n7"]

[ext_resource type="PackedScene" uid="uid://d12gl2cvpraoi" path="res://resources/char/Rogue/Rogue.glb" id="1_uj65h"]

[node name="Rogue" instance=ExtResource("1_uj65h")]

[node name="Skeleton3D" parent="Rig" index="0"]
bones/1/position = Vector3(4.35612e-18, 0.360311, 1.03858e-24)
bones/2/rotation = Quaternion(1.13516e-10, 8.46058e-09, -0.0436194, 0.999048)
bones/3/rotation = Quaternion(1.1265e-10, -8.44078e-09, 0.0436194, 0.999048)
bones/4/rotation = Quaternion(-0.709766, 0.10333, -0.315923, 0.621086)
bones/5/rotation = Quaternion(2.67715e-08, -7.83566e-08, -0.660507, 0.75082)
bones/7/rotation = Quaternion(-0.452018, -0.0852764, -0.0550352, 0.886216)
bones/10/rotation = Quaternion(-0.619014, 0.390466, 0.552897, 0.398326)
bones/11/rotation = Quaternion(1.79284e-08, 2.77748e-08, 0.55878, 0.829316)
bones/13/rotation = Quaternion(-0.224384, 0.512771, 0.0960221, 0.823103)
bones/21/position = Vector3(0.170945, 0.113587, 0.02)
bones/21/rotation = Quaternion(0.945631, -1.5637e-07, -2.058e-10, 0.325241)
bones/22/rotation = Quaternion(0.376612, 6.39599e-08, -2.61546e-07, 0.926371)
bones/23/rotation = Quaternion(-0.644513, -4.28068e-08, 2.31531e-08, 0.764593)
bones/24/rotation = Quaternion(-3.04797e-08, 0.920355, -0.391084, 6.94849e-08)
bones/25/position = Vector3(-0.170945, 0.0835873, -0.02)
bones/25/rotation = Quaternion(0.998976, 2.62426e-07, 3.60853e-08, -0.045244)
bones/26/rotation = Quaternion(0.698351, -4.94182e-08, 4.84984e-07, 0.715755)
bones/27/rotation = Quaternion(-0.737541, 3.0265e-07, -2.95572e-07, 0.675303)
bones/28/rotation = Quaternion(-1.01465e-07, -0.767443, 0.641118, 1.10931e-07)
bones/30/position = Vector3(0.170945, 0.175613, 0.431855)
bones/30/rotation = Quaternion(-0.866347, -4.81625e-08, -8.80646e-08, 0.499443)
bones/31/position = Vector3(4.55695e-09, 0.362833, -2.42861e-15)
bones/31/rotation = Quaternion(7.10544e-15, -1.38321e-22, 1, -2.33983e-34)
bones/32/rotation = Quaternion(-1.04035e-07, 0.391084, 0.920355, -2.9526e-08)
bones/37/position = Vector3(-0.170945, -0.0391851, -0.0758827)
bones/37/rotation = Quaternion(-0.401708, -9.3657e-08, -3.77511e-08, 0.915768)
bones/38/position = Vector3(1.94581e-08, 0.362833, -7.45058e-09)
bones/38/rotation = Quaternion(7.10544e-15, -1.38321e-22, 1, -2.33983e-34)
bones/39/rotation = Quaternion(-1.04035e-07, 0.391084, 0.920355, -2.95261e-08)
bones/43/position = Vector3(0.453508, 0.88116, -0.883876)
bones/44/position = Vector3(0.513182, 0.86398, -0.177878)
bones/44/rotation = Quaternion(0.699997, 0.100023, 0.699997, 0.100023)
bones/45/position = Vector3(-0.453507, 0.88116, -0.883876)
bones/46/position = Vector3(-0.513182, 0.942072, 0.219093)
bones/46/rotation = Quaternion(-0.551742, 0.442245, 0.551742, -0.442245)

[node name="Knife_Offhand" parent="Rig/Skeleton3D" index="0"]
transform = Transform3D(2.08815e-06, -3.35276e-07, 0.999999, 0.95998, 0.280064, -1.44671e-06, -0.280064, 0.959981, 7.66575e-07, 0.515551, 0.729771, -0.140327)
bone_idx = 9

[node name="1H_Crossbow" parent="Rig/Skeleton3D" index="1"]
transform = Transform3D(0.999999, -7.77669e-07, -2.09817e-06, 1.78419e-07, 0.97602, -0.217679, 2.57262e-06, 0.217679, 0.976019, -0.490236, 0.924828, 0.273178)
bone_idx = 15

[node name="2H_Crossbow" parent="Rig/Skeleton3D" index="2"]
transform = Transform3D(0.999999, -7.77669e-07, -2.09817e-06, 1.78419e-07, 0.97602, -0.217679, 2.57262e-06, 0.217679, 0.976019, -0.490236, 0.924828, 0.273178)
bone_idx = 16

[node name="Knife" parent="Rig/Skeleton3D" index="3"]
transform = Transform3D(2.07993e-06, -4.78822e-07, 0.999999, 0.217679, 0.97602, -1.09291e-07, -0.976019, 0.217679, 2.48976e-06, -0.490236, 0.912163, 0.377552)
bone_idx = 17

[node name="Throwable" parent="Rig/Skeleton3D" index="4"]
transform = Transform3D(2.09361e-06, -5.98031e-07, 0.999999, 0.217679, 0.97602, 4.08062e-09, -0.976019, 0.217679, 2.52907e-06, -0.490236, 1.08809, 0.416788)
bone_idx = 18

[node name="Rogue_Cape" parent="Rig/Skeleton3D" index="5"]
transform = Transform3D(1, 7.45058e-09, 1.98153e-11, -1.62844e-17, 1, -4.53629e-10, -1.9817e-11, 4.53629e-10, 1, 0.0326824, 1.16909, -8.13792e-11)
bone_idx = 20
