[gd_scene load_steps=2 format=3 uid="uid://wft1lwu8g2n7"]

[ext_resource type="PackedScene" uid="uid://d12gl2cvpraoi" path="res://resources/char/Rogue/Rogue.glb" id="1_uj65h"]

[node name="Rogue" instance=ExtResource("1_uj65h")]

[node name="Skeleton3D" parent="Rig" index="0"]
bones/1/position = Vector3(0, 0.377371, 0)
bones/1/rotation = Quaternion(-1.11123e-10, 0.0431578, 2.57241e-09, 0.999068)
bones/4/rotation = Quaternion(-0.554863, -0.0575234, -0.638124, 0.530675)
bones/5/rotation = Quaternion(1.5637e-08, -8.20218e-08, -0.512035, 0.858964)
bones/7/rotation = Quaternion(-0.321856, -0.334377, 0.150096, 0.872967)
bones/8/rotation = Quaternion(0.000522708, 0.000522705, -0.705185, 0.709022)
bones/10/rotation = Quaternion(-0.613255, 0.0778233, 0.613394, 0.491538)
bones/11/rotation = Quaternion(1.11773e-08, 5.78011e-08, 0.534552, 0.845135)
bones/13/rotation = Quaternion(-0.320635, 0.3104, -0.232113, 0.864273)
bones/14/rotation = Quaternion(0.00167631, 0.00197444, 0.705365, 0.70884)
bones/19/rotation = Quaternion(-5.8061e-11, -0.0313416, -1.88013e-09, 0.999509)
bones/21/rotation = Quaternion(0.991352, 0.0832217, 0.0773357, 0.0656849)
bones/22/rotation = Quaternion(0.33861, 5.86612e-08, -2.40374e-07, 0.940927)
bones/23/rotation = Quaternion(-0.591956, -0.20399, 0.0666597, 0.776874)
bones/25/rotation = Quaternion(0.993625, -0.032065, 0.030342, 0.103732)
bones/26/rotation = Quaternion(0.389207, -6.07762e-08, 2.72266e-07, 0.92115)
bones/27/rotation = Quaternion(-0.62053, 0.113332, -0.0186475, 0.775726)
bones/30/position = Vector3(0.202182, 0.0259903, 0.205181)
bones/31/rotation = Quaternion(9.65792e-09, 1.77955e-09, 0.985719, -0.168398)
bones/32/rotation = Quaternion(-1.04035e-07, 0.391084, 0.920355, -2.9526e-08)
bones/38/rotation = Quaternion(-5.83589e-09, 6.43837e-10, 0.994809, 0.101756)
bones/39/rotation = Quaternion(-1.04035e-07, 0.391084, 0.920355, -2.95261e-08)
bones/44/position = Vector3(0.520841, 0.780893, -0.0576374)
bones/44/rotation = Quaternion(0.794627, -9.80973e-08, 0.607098, -8.14761e-08)
bones/46/position = Vector3(-0.510844, 0.780893, 0.0597369)
bones/46/rotation = Quaternion(-0.758253, -2.06327e-07, 0.651961, -2.6433e-08)

[node name="Knife_Offhand" parent="Rig/Skeleton3D" index="0"]
transform = Transform3D(-8.89754e-08, 0.262863, 0.964832, 0.999983, -0.00542618, 0.00147866, 0.00562432, 0.964817, -0.262859, 0.507513, 0.629563, -0.0174959)
visible = false
bone_idx = 9

[node name="1H_Crossbow" parent="Rig/Skeleton3D" index="1"]
transform = Transform3D(0.98792, -0.154957, 0.00114826, 0.000396448, -0.0048807, -0.999987, 0.154961, 0.987909, -0.00476053, -0.489093, 0.738761, 0.0978882)
bone_idx = 15

[node name="2H_Crossbow" parent="Rig/Skeleton3D" index="2"]
transform = Transform3D(0.98792, -0.154957, 0.00114826, 0.000396448, -0.0048807, -0.999987, 0.154961, 0.987909, -0.00476053, -0.489093, 0.738761, 0.0978882)
visible = false
bone_idx = 16

[node name="Knife" parent="Rig/Skeleton3D" index="3"]
transform = Transform3D(-0.00114826, -0.154956, 0.98792, 0.999987, -0.00488055, 0.000396468, 0.00476038, 0.987909, 0.15496, -0.490578, 0.634084, 0.107623)
visible = false
bone_idx = 17

[node name="Throwable" parent="Rig/Skeleton3D" index="4"]
transform = Transform3D(-0.00114824, -0.154956, 0.98792, 0.999987, -0.00488054, 0.000396454, 0.00476037, 0.987909, 0.15496, -0.518508, 0.633204, 0.28569)
visible = false
bone_idx = 18

[node name="Rogue_Cape" parent="Rig/Skeleton3D" index="5"]
transform = Transform3D(0.996275, -5.14962e-09, 0.0862353, 5.13043e-09, 1, 4.44077e-10, -0.0862353, 1.8939e-15, 0.996275, -4.17227e-09, 1.18758, 1.53446e-15)
bone_idx = 20
